170 484 MAX 397 679
377 205 MAX 207 642
280 58 MAX 289 727
265 709 MAX 745 900
29 634 MAX 553 835
875 749 MAX 178 240
617 18 MAX 766 959
644 653 MAX 870 746
12 866 MAX 950 916
489 419 MAX 408 637
828 275 MAX 718 450
154 784 MAX 548 153
669 102 MAX 695 382
636 896 MAX 103 571
851 977 MAX 249 266
863 101 MAX 635 212
129 481 MAX 200 779
226 96 MAX 552 21
222 5 MAX 479 220
440 481 MAX 837 506
561 972 MAX 685 356
525 392 MAX 552 692
693 132 MAX 32 107
597 593 MAX 875 596
818 879 MAX 309 675
420 60 MAX 984 78
496 475 MAX 919 534
688 319 MAX 559 440
831 441 MAX 639 364
495 795 MAX 595 144
959 966 MAX 197 971
902 589 MAX 298 650
275 296 MAX 825 18
374 153 MAX 540 658
340 675 MAX 543 652
684 969 MAX 982 471
454 813 MAX 603 1000
202 949 MAX 743 669
348 870 MAX 753 1000
613 259 MAX 67 117
632 84 MAX 707 353
891 255 MAX 800 959
764 700 MAX 459 817
982 675 MAX 579 530
23 494 MAX 759 243
845 328 MAX 710 470
617 538 MAX 282 985
940 49 MAX 18 97
749 789 MAX 625 873
289 660 MAX 774 272
175 642 MAX 560 686
47 872 MAX 303 26
471 839 MAX 782 458
645 32 MAX 203 897
778 600 MAX 517 438
928 761 MAX 771 653
576 138 MAX 318 727
909 187 MAX 493 447
720 566 MAX 649 335
696 541 MAX 201 666
214 181 MAX 743 266
362 964 MAX 80 593
62 78 MAX 317 411
704 617 MAX 648 497
672 698 MAX 207 278
179 444 MAX 764 340
82 237 MAX 503 987
415 33 MAX 961 887
206 546 MAX 999 365
818 372 MAX 309 716
236 811 MAX 59 724
704 59 MAX 544 828
161 430 MAX 415 773
219 447 MAX 412 975
615 525 MAX 898 442
881 201 MAX 634 98
777 527 MAX 988 718
649 782 MAX 882 948
872 511 MAX 460 626
817 456 MAX 773 339
81 795 MAX 252 44
582 631 MAX 578 507
371 813 MAX 587 643
983 103 MAX 693 745
422 899 MAX 46 652
878 660 MAX 739 258
555 773 MAX 39 50
892 649 MAX 365 768
516 391 MAX 962 866
1 392 MAX 561 573
681 459 MAX 211 480
414 364 MAX 20 395
384 707 MAX 22 889
677 442 MAX 467 443
537 9 MAX 240 209
304 82 MAX 144 154
705 854 MAX 347 799
505 155 MAX 284 309
542 547 MAX 214 558
131 871 MAX 271 830
