79 494 DIVIDE 241 854
880 933 DIVIDE 54 824
474 569 DIVIDE 333 264
220 860 DIVIDE 452 447
560 317 DIVIDE 19 175
569 663 DIVIDE 703 355
358 67 DIVIDE 415 208
226 567 DIVIDE 141 123
400 46 DIVIDE 993 138
840 369 DIVIDE 632 399
580 530 DIVIDE 416 912
298 303 DIVIDE 503 241
255 538 DIVIDE 957 436
317 129 DIVIDE 258 837
724 312 DIVIDE 241 981
797 71 DIVIDE 481 644
397 465 DIVIDE 645 24
678 449 DIVIDE 926 617
306 613 DIVIDE 257 334
642 608 DIVIDE 426 680
258 772 DIVIDE 573 31
311 282 DIVIDE 568 512
172 768 DIVIDE 561 67
540 191 DIVIDE 562 512
30 643 DIVIDE 803 52
363 622 DIVIDE 928 660
355 652 DIVIDE 847 142
924 114 DIVIDE 809 805
637 557 DIVIDE 869 569
633 550 DIVIDE 203 510
863 576 DIVIDE 572 751
46 542 DIVIDE 532 239
471 201 DIVIDE 149 635
850 528 DIVIDE 29 909
578 634 DIVIDE 888 893
164 342 DIVIDE 912 69
918 390 DIVIDE 255 699
764 334 DIVIDE 252 918
10 427 DIVIDE 925 335
690 435 DIVIDE 51 274
925 184 DIVIDE 546 365
376 513 DIVIDE 534 487
779 564 DIVIDE 151 648
739 286 DIVIDE 543 653
549 511 DIVIDE 845 772
594 813 DIVIDE 596 981
628 765 DIVIDE 35 261
667 720 DIVIDE 115 832
657 640 DIVIDE 889 22
93 730 DIVIDE 747 18
222 988 DIVIDE 82 670
338 672 DIVIDE 618 891
902 616 DIVIDE 945 236
465 50 DIVIDE 933 742
664 263 DIVIDE 589 447
41 625 DIVIDE 294 174
137 949 DIVIDE 107 99
875 854 DIVIDE 488 394
399 366 DIVIDE 139 37
670 816 DIVIDE 428 977
995 767 DIVIDE 301 789
476 336 DIVIDE 824 990
444 65 DIVIDE 279 298
426 179 DIVIDE 568 616
461 612 DIVIDE 963 302
789 963 DIVIDE 881 629
676 393 DIVIDE 78 764
675 719 DIVIDE 317 593
675 432 DIVIDE 611 624
885 856 DIVIDE 389 16
950 252 DIVIDE 427 3
617 909 DIVIDE 57 983
102 686 DIVIDE 827 864
505 391 DIVIDE 267 401
254 745 DIVIDE 376 392
819 929 DIVIDE 815 125
695 593 DIVIDE 328 467
340 417 DIVIDE 794 790
606 490 DIVIDE 537 385
397 284 DIVIDE 832 946
209 888 DIVIDE 640 905
725 777 DIVIDE 1000 139
51 418 DIVIDE 404 574
393 239 DIVIDE 631 497
230 42 DIVIDE 117 97
313 776 DIVIDE 436 717
741 870 DIVIDE 440 626
701 638 DIVIDE 847 646
761 97 DIVIDE 652 789
744 347 DIVIDE 302 368
899 138 DIVIDE 537 832
614 582 DIVIDE 651 98
553 710 DIVIDE 689 953
365 853 DIVIDE 336 463
431 841 DIVIDE 74 807
419 474 DIVIDE 990 17
867 357 DIVIDE 588 942
266 982 DIVIDE 461 665
114 819 DIVIDE 326 822
186 589 DIVIDE 832 330
