166 553 TIMES 459 791
752 275 TIMES 623 80
10 862 TIMES 299 303
507 30 TIMES 294 3
82 27 TIMES 619 362
721 242 TIMES 744 667
897 573 TIMES 687 818
991 401 TIMES 40 607
413 45 TIMES 482 385
167 523 TIMES 747 706
279 471 TIMES 802 272
986 739 TIMES 176 679
473 629 TIMES 605 358
637 941 TIMES 93 507
115 909 TIMES 397 111
882 858 TIMES 384 597
819 70 TIMES 101 917
427 368 TIMES 207 257
554 306 TIMES 628 486
684 102 TIMES 716 4
17 290 TIMES 172 921
511 29 TIMES 717 440
773 204 TIMES 403 653
33 444 TIMES 180 807
391 907 TIMES 860 939
938 914 TIMES 269 704
139 542 TIMES 742 384
950 935 TIMES 158 721
760 542 TIMES 370 844
380 130 TIMES 809 592
63 15 TIMES 540 300
994 328 TIMES 985 392
253 448 TIMES 92 55
454 726 TIMES 204 109
31 663 TIMES 866 498
267 745 TIMES 567 940
96 817 TIMES 409 978
33 731 TIMES 469 696
207 860 TIMES 213 754
373 144 TIMES 887 730
80 58 TIMES 277 227
312 961 TIMES 141 265
793 52 TIMES 499 211
210 740 TIMES 550 600
72 179 TIMES 743 190
65 52 TIMES 148 943
971 95 TIMES 361 329
890 841 TIMES 948 93
551 163 TIMES 970 338
15 98 TIMES 991 528
213 197 TIMES 457 746
664 932 TIMES 542 792
176 463 TIMES 285 485
423 401 TIMES 21 475
293 25 TIMES 669 268
25 453 TIMES 502 726
954 962 TIMES 606 106
933 42 TIMES 815 702
388 744 TIMES 419 673
935 888 TIMES 763 374
632 790 TIMES 865 124
534 943 TIMES 637 171
503 85 TIMES 932 628
511 627 TIMES 452 566
997 203 TIMES 707 522
403 957 TIMES 250 741
327 404 TIMES 83 414
469 809 TIMES 417 18
76 795 TIMES 533 363
965 942 TIMES 88 304
123 394 TIMES 423 614
665 556 TIMES 814 285
902 123 TIMES 513 202
250 367 TIMES 524 819
425 773 TIMES 442 526
405 95 TIMES 294 794
673 909 TIMES 902 781
879 929 TIMES 714 709
94 908 TIMES 927 582
712 227 TIMES 151 717
646 818 TIMES 235 888
644 369 TIMES 300 335
126 456 TIMES 248 557
586 632 TIMES 669 980
296 339 TIMES 60 459
721 512 TIMES 453 948
522 241 TIMES 748 999
595 324 TIMES 854 563
368 826 TIMES 552 659
390 964 TIMES 942 676
868 331 TIMES 953 682
312 21 TIMES 536 989
562 124 TIMES 730 38
458 377 TIMES 211 689
498 941 TIMES 253 715
247 871 TIMES 869 563
126 703 TIMES 94 294
217 258 TIMES 543 206
221 884 TIMES 274 87
149 676 TIMES 326 813
