304 304 PLUS 887 60
431 680 MAX 255 839
400 228 TIMES 285 226
599 311 DIVIDE 757 478
683 644 DIVIDE 923 464
980 602 MAX 211 762
832 509 MIN 29 240
756 921 MINUS 412 458
273 255 PLUS 914 110
20 604 PLUS 287 437
792 117 MAX 712 884
636 766 MAX 915 189
167 93 PLUS 699 827
478 499 DIVIDE 391 241
811 414 MINUS 94 25
263 235 PLUS 747 649
28 338 MIN 353 366
604 977 MINUS 261 298
67 951 MIN 297 65
421 647 PLUS 51 373
812 700 MINUS 397 331
470 286 DIVIDE 27 997
590 922 TIMES 540 536
674 318 MINUS 310 89
932 219 PLUS 387 826
912 654 MIN 908 215
98 959 PLUS 710 782
671 187 DIVIDE 705 315
248 10 TIMES 121 613
779 675 MAX 997 66
476 818 MINUS 561 726
246 46 TIMES 79 517
622 669 TIMES 139 186
237 41 DIVIDE 479 419
596 977 PLUS 604 904
26 678 MAX 344 889
525 779 MIN 105 137
35 741 PLUS 15 460
711 324 TIMES 470 333
353 921 MAX 736 222
651 197 TIMES 417 784
613 80 PLUS 811 534
269 930 MINUS 322 846
405 124 TIMES 251 474
530 896 MINUS 339 513
172 225 MIN 467 354
603 994 DIVIDE 521 951
25 809 TIMES 603 808
17 664 MINUS 282 831
664 44 TIMES 696 842
831 998 MINUS 146 299
862 492 MIN 975 123
692 444 MINUS 230 453
668 455 PLUS 606 756
450 611 MINUS 48 82
716 985 MAX 360 559
191 372 MIN 119 924
492 930 MAX 248 685
589 295 MINUS 575 801
404 834 MINUS 994 710
937 889 MINUS 242 724
40 213 DIVIDE 99 11
264 35 MAX 834 868
631 983 PLUS 160 473
985 696 TIMES 406 273
1 479 MAX 708 917
436 59 TIMES 826 88
970 235 TIMES 167 915
682 417 MINUS 658 599
131 251 TIMES 989 941
316 368 TIMES 98 667
267 694 PLUS 617 107
27 484 MINUS 49 707
485 224 PLUS 230 330
281 705 MAX 302 86
340 960 MAX 894 684
399 677 MAX 897 520
169 447 MAX 373 950
911 571 DIVIDE 262 131
338 328 PLUS 451 384
3 554 MIN 243 248
413 704 MIN 493 427
828 878 MAX 496 262
332 125 TIMES 290 703
78 508 PLUS 904 322
979 856 TIMES 304 421
961 852 MINUS 198 533
681 185 MINUS 993 96
32 854 DIVIDE 733 726
828 138 MINUS 155 207
467 22 MIN 111 595
840 815 PLUS 963 849
97 54 MINUS 515 615
671 491 DIVIDE 814 310
27 602 DIVIDE 869 57
123 440 MAX 284 250
873 403 MINUS 271 737
449 951 DIVIDE 624 86
256 172 PLUS 528 25
309 618 DIVIDE 725 231
