62 117 PLUS 275 956
23 534 PLUS 387 444
8 345 PLUS 886 973
733 742 PLUS 124 169
965 784 PLUS 421 216
452 835 PLUS 19 919
494 960 PLUS 944 775
433 598 PLUS 637 360
560 514 PLUS 256 522
487 389 PLUS 620 209
268 435 PLUS 318 713
323 1000 PLUS 82 285
511 891 PLUS 924 840
886 63 PLUS 66 231
265 9 PLUS 61 59
171 199 PLUS 692 786
567 265 PLUS 385 131
605 740 PLUS 472 281
274 721 PLUS 310 660
539 97 PLUS 810 600
270 748 PLUS 534 908
254 612 PLUS 440 782
276 36 PLUS 70 360
649 80 PLUS 314 919
466 489 PLUS 179 815
782 605 PLUS 849 904
149 677 PLUS 444 648
912 355 PLUS 147 655
825 852 PLUS 428 73
754 633 PLUS 903 231
242 169 PLUS 20 536
594 609 PLUS 779 301
969 944 PLUS 105 278
313 278 PLUS 36 78
557 917 PLUS 830 306
493 92 PLUS 114 825
470 775 PLUS 323 149
606 83 PLUS 858 120
422 613 PLUS 182 661
256 787 PLUS 716 271
205 813 PLUS 267 123
116 131 PLUS 233 375
765 385 PLUS 116 846
575 249 PLUS 893 58
198 15 PLUS 914 749
629 883 PLUS 994 393
954 734 PLUS 507 326
618 676 PLUS 165 347
304 123 PLUS 406 362
868 598 PLUS 255 991
505 935 PLUS 824 705
462 110 PLUS 356 479
678 28 PLUS 51 321
189 460 PLUS 621 636
815 356 PLUS 766 986
9 774 PLUS 223 376
296 475 PLUS 345 900
38 697 PLUS 431 98
557 417 PLUS 86 399
457 574 PLUS 886 490
109 438 PLUS 340 417
553 960 PLUS 686 259
419 762 PLUS 625 886
207 757 PLUS 773 70
223 742 PLUS 215 503
216 652 PLUS 773 72
106 711 PLUS 400 898
275 740 PLUS 702 185
734 660 PLUS 367 949
105 156 PLUS 755 599
680 206 PLUS 213 836
339 574 PLUS 749 43
853 676 PLUS 162 530
512 886 PLUS 804 161
70 200 PLUS 736 178
565 223 PLUS 467 744
672 994 PLUS 421 70
731 507 PLUS 215 649
611 245 PLUS 105 905
195 180 PLUS 38 569
114 244 PLUS 37 86
813 177 PLUS 24 714
273 595 PLUS 684 509
674 50 PLUS 506 333
192 963 PLUS 854 590
626 19 PLUS 433 447
899 17 PLUS 215 552
246 494 PLUS 681 612
824 712 PLUS 336 269
713 883 PLUS 218 410
154 680 PLUS 678 686
752 886 PLUS 550 355
216 585 PLUS 782 911
186 889 PLUS 697 795
255 100 PLUS 789 659
209 90 PLUS 819 777
374 443 PLUS 124 500
521 597 PLUS 466 856
517 309 PLUS 62 234
580 247 PLUS 513 461
