260 24 MINUS 529 369
518 889 MINUS 225 860
83 830 MINUS 276 966
904 816 MINUS 105 249
44 700 MINUS 719 428
819 614 MINUS 223 375
139 571 MINUS 126 597
178 304 MINUS 355 373
200 936 MINUS 177 38
837 606 MINUS 451 613
591 938 MINUS 832 536
474 904 MINUS 46 94
907 917 MINUS 44 241
286 540 MINUS 699 168
414 645 MINUS 172 173
137 498 MINUS 823 991
118 634 MINUS 547 107
183 300 MINUS 513 711
788 975 MINUS 662 687
448 816 MINUS 626 257
764 193 MINUS 876 327
412 459 MINUS 85 706
832 587 MINUS 541 543
776 237 MINUS 888 586
448 125 MINUS 471 751
62 679 MINUS 401 785
255 810 MINUS 868 688
366 336 MINUS 224 553
949 358 MINUS 690 479
96 850 MINUS 141 301
955 422 MINUS 764 699
769 582 MINUS 898 404
941 882 MINUS 458 108
295 96 MINUS 960 739
561 717 MINUS 890 27
423 168 MINUS 97 82
582 1000 MINUS 872 718
654 435 MINUS 863 192
616 45 MINUS 910 662
855 355 MINUS 592 466
176 674 MINUS 362 72
268 494 MINUS 901 14
602 59 MINUS 999 566
649 615 MINUS 607 932
401 742 MINUS 367 413
850 197 MINUS 953 663
686 166 MINUS 555 327
714 740 MINUS 755 873
426 83 MINUS 48 954
22 792 MINUS 957 849
622 616 MINUS 339 202
767 57 MINUS 660 940
170 199 MINUS 843 243
282 540 MINUS 528 566
833 395 MINUS 617 699
33 105 MINUS 495 777
671 856 MINUS 168 270
355 218 MINUS 470 61
896 568 MINUS 557 509
204 421 MINUS 571 438
127 108 MINUS 619 493
885 547 MINUS 966 339
691 618 MINUS 818 372
58 874 MINUS 891 95
237 257 MINUS 930 49
541 859 MINUS 629 500
168 714 MINUS 23 398
176 457 MINUS 416 517
901 421 MINUS 274 706
594 380 MINUS 544 413
405 347 MINUS 524 301
759 849 MINUS 215 897
498 158 MINUS 550 471
448 800 MINUS 786 778
831 813 MINUS 748 176
77 437 MINUS 123 832
387 34 MINUS 699 581
999 644 MINUS 794 896
187 582 MINUS 872 113
740 941 MINUS 680 979
786 430 MINUS 898 155
636 448 MINUS 868 299
359 895 MINUS 26 421
47 732 MINUS 613 912
332 461 MINUS 778 843
622 150 MINUS 823 406
300 323 MINUS 6 966
962 694 MINUS 297 368
431 63 MINUS 594 707
33 385 MINUS 552 122
267 321 MINUS 668 489
940 838 MINUS 734 903
643 415 MINUS 830 736
988 719 MINUS 691 718
290 514 MINUS 208 245
267 138 MINUS 171 715
190 290 MINUS 659 219
817 541 MINUS 959 531
454 794 MINUS 972 318
745 375 MINUS 150 291
